28069
1503
712
713
718
719
720
721
722
721
720
719
710
711
709
708
556
557
551
549
543
546
544
547
548
550
552
554
555
553
552
550
548
544
545
542
419
421
422
526
525
524
426
427
429
430
431
388
387
373
372
369
368
212
210
205
208
206
209
215
214
207
205
208
68
67
66
64
62
65
63
191
185
183
184
182
188
180
189
190
1021
382
1022
446
449
465
464
479
480
465
444
443
442
440
1032
387
1033
376
377
378
356
357
363
362
364
365
369
368
367
211
366
211
367
365
373
374
375
1033
389
431
388
438
488
439
387
1032
386
385
386
1032
387
438
489
1040
490
511
486
487
1040
489
491
492
493
495
433
429
427
426
425
424
423
406
405
404
402
401
403
407
408
409
412
410
345
342
343
344
347
348
340
331
329
326
322
321
320
319
318
305
304
301
303
306
302
297
298
296
295
292
291
290
287
286
285
284
283
281
294
288
289
293
289
288
283
281
282
280
279
278
277
276
274
275
308
314
308
309
273
271
270
243
241
242
272
271
273
274
276
277
299
300
307
315
305
317
316
313
312
311
310
269
267
266
244
245
246
245
248
249
250
237
235
236
239
240
238
247
245
265
324
325
326
329
331
341
330
327
328
329
332
339
340
348
349
350
337
338
333
334
326
325
324
268
323
265
264
245
247
248
249
251
252
253
254
257
258
256
255
358
359
1014
361
360
231
230
232
234
233
229
228
226
227
222
224
219
221
217
216
213
218
220
223
225
231
230
358
363
1023
374
373
372
380
379
384
383
1029
445
444
443
442
440
441
485
1028
484
1039
483
1038
481
482
507
509
644
510
512
516
678
517
1013
517
678
517
1012
518
519
520
521
495
435
493
494
514
494
493
495
433
429
396
397
396
428
398
399
400
352
351
336
335
263
262
261
260
259
354
353
395
355
391
390
392
393
394
430
432
434
436
437
492
491
513
515
516
512
1018
510
644
643
508
1036
596
503
504
1027
478
476
477
452
475
478
1027
503
596
1036
597
595
642
641
655
654
642
595
594
501
500
474
475
452
451
450
177
176
175
453
454
455
458
460
461
471
472
497
470
469
496
579
581
580
582
583
584
585
588
587
586
587
621
620
619
618
1019
610
613
795
796
795
794
613
612
604
603
602
601
605
1034
611
610
1019
618
619
620
623
624
622
632
633
634
637
636
659
661
662
663
664
668
1042
666
1042
667
671
670
1016
669
1037
668
665
657
1043
664
663
662
771
779
778
777
845
846
913
919
921
923
1006
922
920
912
911
902
901
899
946
944
945
944
943
950
941
942
943
1048
949
952
951
952
953
948
896
895
894
893
892
891
888
887
886
885
884
883
882
881
880
904
903
906
908
907
862
860
864
863
905
863
860
861
855
857
858
784
769
768
856
853
854
853
852
782
764
763
760
669
1037
664
657
656
640
593
589
592
640
656
639
1041
658
638
591
590
635
621
622
624
625
630
629
774
1017
785
807
787
788
804
792
793
614
615
616
791
789
790
617
628
627
626
625
631
1020
660
772
773
772
660
1020
631
632
622
621
580
496
568
567
565
564
565
569
1015
578
577
576
570
571
575
598
609
607
1035
606
600
599
608
599
574
573
572
563
562
561
560
558
122
466
123
459
457
174
159
162
163
164
167
181
182
183
185
186
193
204
192
186
187
197
198
195
196
193
194
203
202
201
210
211
212
200
199
370
371
381
379
380
372
373
387
388
431
430
429
427
405
406
403
408
409
417
418
420
421
536
529
532
693
532
533
687
685
686
535
534
530
531
529
528
527
523
522
524
525
526
422
536
696
537
538
539
538
542
545
541
545
542
540
419
414
415
346
411
413
416
418
420
421
536
529
531
533
687
684
679
681
682
670
1016
669
662
661
660
1020
630
629
774
775
776
1017
786
785
844
843
842
806
805
808
839
838
840
926
927
935
925
924
1007
937
936
997
994
993
994
997
998
936
937
1008
961
938
939
940
960
1009
962
963
996
995
990
991
987
988
989
964
966
965
967
968
969
971
972
973
974
975
977
981
982
983
1051
981
980
979
978
975
977
976
1049
986
970
968
967
965
959
958
954
955
956
957
1010
969
971
970
987
991
992
932
832
833
834
826
825
835
929
928
934
999
933
930
931
832
932
992
1052
1050
985
984
985
987
988
964
959
958
954
951
952
949
947
900
898
897
889
890
881
879
878
866
867
877
876
869
870
872
871
875
874
873
870
738
736
738
868
737
735
717
712
715
723
732
729
728
745
744
728
746
752
753
756
755
754
755
759
757
683
681
689
688
690
750
751
749
747
748
700
701
727
726
1044
725
724
706
1045
707
705
704
703
702
699
1031
551
1011
698
697
695
694
692
691
690
688
689
684
679
681
680
677
674
673
648
647
646
653
652
645
651
650
649
675
676
672
682
758
760
761
762
770
780
847
1030
851
850
910
909
911
912
920
922
1006
923
924
918
914
915
916
917
841
808
803
802
803
809
810
801
800
799
798
797
814
813
812
811
838
839
808
805
806
842
843
846
1004
847
848
849
782
767
766
755
754
690
533
531
529
536
422
536
529
531
533
690
754
755
766
767
782
849
848
847
1004
846
843
842
806
805
808
839
838
836
837
815
1003
817
818
819
820
1005
821
828
829
830
1000
831
1001
831
830
829
1002
829
830
827
822
827
823
824
816
815
837
836
811
812
813
812
811
838
839
808
805
806
842
843
846
1004
847
848
849
780
781
782
783
767
766
765
764
763
760
669
1037
664
657
656
640
592
589
501
499
498
499
501
594
506
505
502
500
474
473
462
452
463
448
447
179
178
177
175
174
457
459
457
456
126
127
124
123
121
120
119
467
125
154
133
144
137
136
137
132
131
134
135
113
114
115
117
118
130
129
125
128
158
161
159
174
173
172
162
170
171
169
168
181
167
164
166
165
166
56
151
160
157
156
152
153
155
145
139
138
140
141
21
76
77
79
80
88
89
1026
1025
89
1024
90
96
98
103
101
102
109
108
116
108
109
110
112
111
1053
141
140
138
139
145
144
133
154
153
152
156
157
160
151
150
52
51
50
48
46
47
49
54
55
60
61
59
58
57
56
53
48
46
45
44
45
42
43
36
35
148
149
36
43
37
38
39
40
38
41
37
34
33
32
28
29
30
24
23
143
22
16
14
15
25
26
27
28
31
146
147
146
139
138
140
141
142
112
110
102
106
105
107
106
104
97
95
94
93
92
90
96
98
103
99
101
102
100
78
77
76
21
75
20
17
12
19
18
10
11
13
12
19
9
69
70
71
72
73
74
9
8
6
5
6
7
4
3
2
1
84
85
86
87
83
81
82
80
79
80
88
91
98
103
101
102
110
114
115
117
118
119
124
123
468
566
559
558
122
466
468
496
582
583
584
589
592
640
656
657
664
1037
669
760
763
764
782
852
853
856
857
858
859
865
743
740
1047
739
742
741
740
743
732
729
730
731
730
732
723
716
734
739
733
723
715
714
1046
712